teststep = 1
APPForce = 10
DM = -1.924679e-08
DC = -2.259777e-08
DI = -9.661551e-06
